pregrasp_offset: 0.15
ee_offset: 0.15
init_pose: [39.866951, -234.744492, 559.317017, 95.052323, -41.443011, 6.623965] # todo: update
basket_pregrasp: [-226.275833, 5.253029, 439.106873, 87.818043, -41.550498, -90.103916]