pregrasp_offset: 0.15
ee_offset: 0.15
init_pose: [188.611618, -41.605358, 565.778137, 103.067659, -45.270083, 89.406798]
basket_pregrasp: [18.380972, -325.475739, 440.345703, 88.394324, -44.793153, 2.883066]