pregrasp_offset: 0.15
ee_offset: 0.15
orientation: [90, -45, 90]
init_pose: [36.388428, 394.092255, 326.804932, 90.954701, -39.123105, 87.143787]
basket_pregrasp: [18.380972, -325.475739, 440.345703, 90, -45, 0]