pregrasp_offset: 0.15
ee_offset: 0.15
orientation: [-90, 45, -90]
# init_pose: [36.388428, 394.092255, 326.804932, 90.954701, -39.123105, 87.143787]
init_pose: [75.048096, 432.961609, 396.784912, -90, 45, -90]
# basket_pregrasp: [18.380972, -325.475739, 440.345703, 90, -45, 0]
basket_pregrasp: [1.709647, -293.092255, 484.427765, -90, 45, -180]
neutral_pose: [273.110992, 48.459263, 511.589325, -90, 45, -90]
