pregrasp_offset: 0.15
ee_offset: 0.15
init_pose: [39.866951, -234.744492, 559.317017, 95.052323, -41.443011, 6.623965]
basket_pregrasp: [74.722084, -310.997375, 442.934906, 89.404334, -43.300025, -8.167112]

